date,before,new_cases,diff
2020-01-31,"",2.0,""
2020-02-01,2.0,0.0,-2.0
2020-02-02,0.0,0.0,0.0
2020-02-03,0.0,0.0,0.0
2020-02-04,0.0,0.0,0.0
2020-02-05,0.0,0.0,0.0
2020-02-06,0.0,0.0,0.0
2020-02-07,0.0,0.0,0.0
2020-02-08,0.0,0.0,0.0
2020-02-09,0.0,0.0,0.0
2020-02-10,0.0,0.0,0.0
2020-02-11,0.0,0.0,0.0
2020-02-12,0.0,0.0,0.0
2020-02-13,0.0,0.0,0.0
2020-02-14,0.0,0.0,0.0
2020-02-15,0.0,0.0,0.0
2020-02-16,0.0,0.0,0.0
2020-02-17,0.0,0.0,0.0
2020-02-18,0.0,0.0,0.0
2020-02-19,0.0,0.0,0.0
2020-02-20,0.0,0.0,0.0
2020-02-21,0.0,0.0,0.0
2020-02-22,0.0,0.0,0.0
2020-02-23,0.0,0.0,0.0
2020-02-24,0.0,0.0,0.0
2020-02-25,0.0,0.0,0.0
2020-02-26,0.0,0.0,0.0
2020-02-27,0.0,0.0,0.0
2020-02-28,0.0,0.0,0.0
2020-02-29,0.0,0.0,0.0
2020-03-01,0.0,0.0,0.0
2020-03-02,0.0,1.0,1.0
2020-03-03,1.0,0.0,-1.0
2020-03-04,0.0,0.0,0.0
2020-03-05,0.0,1.0,1.0
2020-03-06,1.0,9.0,8.0
2020-03-07,9.0,0.0,-9.0
2020-03-08,0.0,4.0,4.0
2020-03-09,4.0,0.0,-4.0
2020-03-10,0.0,3.0,3.0
2020-03-11,3.0,0.0,-3.0
2020-03-12,0.0,8.0,8.0
2020-03-13,8.0,17.0,9.0
2020-03-14,17.0,14.0,-3.0
2020-03-15,14.0,4.0,-10.0
2020-03-16,4.0,27.0,23.0
2020-03-17,27.0,24.0,-3.0
2020-03-18,24.0,33.0,9.0
2020-03-19,33.0,52.0,19.0
2020-03-20,52.0,54.0,2.0
2020-03-21,54.0,53.0,-1.0
2020-03-22,53.0,61.0,8.0
2020-03-23,61.0,71.0,10.0
2020-03-24,71.0,57.0,-14.0
2020-03-25,57.0,163.0,106.0
2020-03-26,163.0,182.0,19.0
2020-03-27,182.0,196.0,14.0
2020-03-28,196.0,228.0,32.0
2020-03-29,228.0,270.0,42.0
2020-03-30,270.0,302.0,32.0
2020-03-31,302.0,501.0,199.0
2020-04-01,501.0,440.0,-61.0
2020-04-02,440.0,771.0,331.0
2020-04-03,771.0,601.0,-170.0
2020-04-04,601.0,582.0,-19.0
2020-04-05,582.0,658.0,76.0
2020-04-06,658.0,954.0,296.0
2020-04-07,954.0,1154.0,200.0
2020-04-08,1154.0,1175.0,21.0
2020-04-09,1175.0,1459.0,284.0
2020-04-10,1459.0,1786.0,327.0
2020-04-11,1786.0,1667.0,-119.0
2020-04-12,1667.0,2186.0,519.0
2020-04-13,2186.0,2558.0,372.0
2020-04-14,2558.0,2774.0,216.0
2020-04-15,2774.0,3388.0,614.0
2020-04-16,3388.0,3448.0,60.0
2020-04-17,3448.0,4070.0,622.0
2020-04-18,4070.0,4785.0,715.0
2020-04-19,4785.0,6060.0,1275.0
2020-04-20,6060.0,4268.0,-1792.0
2020-04-21,4268.0,5642.0,1374.0
2020-04-22,5642.0,5236.0,-406.0
2020-04-23,5236.0,4774.0,-462.0
2020-04-24,4774.0,5849.0,1075.0
2020-04-25,5849.0,5966.0,117.0
2020-04-26,5966.0,6361.0,395.0
2020-04-27,6361.0,6198.0,-163.0
2020-04-28,6198.0,6411.0,213.0
2020-04-29,6411.0,5841.0,-570.0
2020-04-30,5841.0,7099.0,1258.0
2020-05-01,7099.0,7933.0,834.0
2020-05-02,7933.0,9623.0,1690.0
2020-05-03,9623.0,10633.0,1010.0
2020-05-04,10633.0,10581.0,-52.0
2020-05-05,10581.0,10102.0,-479.0
2020-05-06,10102.0,10559.0,457.0
2020-05-07,10559.0,11231.0,672.0
2020-05-08,11231.0,10699.0,-532.0
2020-05-09,10699.0,10817.0,118.0
2020-05-10,10817.0,11012.0,195.0
2020-05-11,11012.0,11656.0,644.0
2020-05-12,11656.0,10899.0,-757.0
2020-05-13,10899.0,10028.0,-871.0
2020-05-14,10028.0,9974.0,-54.0
2020-05-15,9974.0,10598.0,624.0
2020-05-16,10598.0,9200.0,-1398.0
2020-05-17,9200.0,9709.0,509.0
2020-05-18,9709.0,8926.0,-783.0
2020-05-19,8926.0,9263.0,337.0
2020-05-20,9263.0,8764.0,-499.0
2020-05-21,8764.0,8849.0,85.0
2020-05-22,8849.0,8894.0,45.0
2020-05-23,8894.0,9434.0,540.0
2020-05-24,9434.0,8599.0,-835.0
2020-05-25,8599.0,8946.0,347.0
2020-05-26,8946.0,8915.0,-31.0
2020-05-27,8915.0,8338.0,-577.0
2020-05-28,8338.0,8371.0,33.0
2020-05-29,8371.0,8572.0,201.0
2020-05-30,8572.0,8952.0,380.0
2020-05-31,8952.0,9268.0,316.0
2020-06-01,9268.0,8485.0,-783.0
2020-06-02,8485.0,8858.0,373.0
2020-06-03,8858.0,8529.0,-329.0
2020-06-04,8529.0,8823.0,294.0
2020-06-05,8823.0,8718.0,-105.0
2020-06-06,8718.0,8846.0,128.0
2020-06-07,8846.0,8971.0,125.0
2020-06-08,8971.0,8970.0,-1.0
2020-06-09,8970.0,8587.0,-383.0
2020-06-10,8587.0,8393.0,-194.0
2020-06-11,8393.0,8777.0,384.0
2020-06-12,8777.0,8961.0,184.0
2020-06-13,8961.0,8697.0,-264.0
2020-06-14,8697.0,8809.0,112.0
2020-06-15,8809.0,8217.0,-592.0
2020-06-16,8217.0,8241.0,24.0
2020-06-17,8241.0,7824.0,-417.0
2020-06-18,7824.0,7772.0,-52.0
2020-06-19,7772.0,7971.0,199.0
2020-06-20,7971.0,7870.0,-101.0
2020-06-21,7870.0,7717.0,-153.0
2020-06-22,7717.0,7586.0,-131.0
2020-06-23,7586.0,7413.0,-173.0
2020-06-24,7413.0,7165.0,-248.0
2020-06-25,7165.0,7105.0,-60.0
2020-06-26,7105.0,6788.0,-317.0
2020-06-27,6788.0,6843.0,55.0
2020-06-28,6843.0,6784.0,-59.0
2020-06-29,6784.0,6683.0,-101.0
2020-06-30,6683.0,6683.0,0.0
2020-07-01,6683.0,6550.0,-133.0
2020-07-02,6550.0,6752.0,202.0
2020-07-03,6752.0,6710.0,-42.0
2020-07-04,6710.0,6623.0,-87.0
2020-07-05,6623.0,6719.0,96.0
2020-07-06,6719.0,6569.0,-150.0
2020-07-07,6569.0,6363.0,-206.0
2020-07-08,6363.0,6534.0,171.0
2020-07-09,6534.0,6491.0,-43.0
2020-07-10,6491.0,6623.0,132.0
2020-07-11,6623.0,6586.0,-37.0
2020-07-12,6586.0,6587.0,1.0
2020-07-13,6587.0,6511.0,-76.0
2020-07-14,6511.0,6240.0,-271.0
2020-07-15,6240.0,6410.0,170.0
2020-07-16,6410.0,6415.0,5.0
2020-07-17,6415.0,6389.0,-26.0
2020-07-18,6389.0,6214.0,-175.0
2020-07-19,6214.0,6096.0,-118.0
2020-07-20,6096.0,5901.0,-195.0
2020-07-21,5901.0,5828.0,-73.0
2020-07-22,5828.0,5850.0,22.0
2020-07-23,5850.0,5830.0,-20.0
2020-07-24,5830.0,5779.0,-51.0
2020-07-25,5779.0,5833.0,54.0
2020-07-26,5833.0,5741.0,-92.0
2020-07-27,5741.0,5607.0,-134.0
2020-07-28,5607.0,5380.0,-227.0
2020-07-29,5380.0,5449.0,69.0
2020-07-30,5449.0,5484.0,35.0
2020-07-31,5484.0,5468.0,-16.0
2020-08-01,5468.0,5429.0,-39.0
2020-08-02,5429.0,5387.0,-42.0
2020-08-03,5387.0,5364.0,-23.0
2020-08-04,5364.0,5121.0,-243.0
2020-08-05,5121.0,5186.0,65.0
2020-08-06,5186.0,5239.0,53.0
2020-08-07,5239.0,5191.0,-48.0
2020-08-08,5191.0,5185.0,-6.0
2020-08-09,5185.0,5155.0,-30.0
2020-08-10,5155.0,5081.0,-74.0
2020-08-11,5081.0,4892.0,-189.0
2020-08-12,4892.0,5054.0,162.0
2020-08-13,5054.0,5017.0,-37.0
2020-08-14,5017.0,5016.0,-1.0
2020-08-15,5016.0,5030.0,14.0
2020-08-16,5030.0,4911.0,-119.0
2020-08-17,4911.0,4839.0,-72.0
2020-08-18,4839.0,4718.0,-121.0
2020-08-19,4718.0,4790.0,72.0
2020-08-20,4790.0,4767.0,-23.0
2020-08-21,4767.0,4838.0,71.0
2020-08-22,4838.0,4860.0,22.0
2020-08-23,4860.0,4797.0,-63.0
2020-08-24,4797.0,4688.0,-109.0
2020-08-25,4688.0,4639.0,-49.0
2020-08-26,4639.0,4642.0,3.0
2020-08-27,4642.0,4675.0,33.0
2020-08-28,4675.0,4758.0,83.0
2020-08-29,4758.0,4843.0,85.0
2020-08-30,4843.0,4897.0,54.0
2020-08-31,4897.0,4932.0,35.0
2020-09-01,4932.0,4670.0,-262.0
2020-09-02,4670.0,4893.0,223.0
2020-09-03,4893.0,4958.0,65.0
2020-09-04,4958.0,5064.0,106.0
2020-09-05,5064.0,5144.0,80.0
2020-09-06,5144.0,5097.0,-47.0
2020-09-07,5097.0,5106.0,9.0
2020-09-08,5106.0,5020.0,-86.0
2020-09-09,5020.0,5172.0,152.0
2020-09-10,5172.0,5310.0,138.0
2020-09-11,5310.0,5421.0,111.0
2020-09-12,5421.0,5406.0,-15.0
2020-09-13,5406.0,5361.0,-45.0
2020-09-14,5361.0,5414.0,53.0
2020-09-15,5414.0,5435.0,21.0
2020-09-16,5435.0,5612.0,177.0
2020-09-17,5612.0,5667.0,55.0
2020-09-18,5667.0,5803.0,136.0
2020-09-19,5803.0,5960.0,157.0
2020-09-20,5960.0,6043.0,83.0
2020-09-21,6043.0,6090.0,47.0
2020-09-22,6090.0,6109.0,19.0
2020-09-23,6109.0,6330.0,221.0
2020-09-24,6330.0,6489.0,159.0
2020-09-25,6489.0,7112.0,623.0
2020-09-26,7112.0,7421.0,309.0
2020-09-27,7421.0,7764.0,343.0
2020-09-28,7764.0,8026.0,262.0
2020-09-29,8026.0,8129.0,103.0
2020-09-30,8129.0,8371.0,242.0
2020-10-01,8371.0,8835.0,464.0
2020-10-02,8835.0,9294.0,459.0
2020-10-03,9294.0,9735.0,441.0
2020-10-04,9735.0,10376.0,641.0
2020-10-05,10376.0,10757.0,381.0
2020-10-06,10757.0,11481.0,724.0
2020-10-07,11481.0,10981.0,-500.0
2020-10-08,10981.0,11345.0,364.0
2020-10-09,11345.0,11969.0,624.0
2020-10-10,11969.0,12673.0,704.0
2020-10-11,12673.0,13442.0,769.0
2020-10-12,13442.0,13406.0,-36.0
2020-10-13,13406.0,13690.0,284.0
2020-10-14,13690.0,14041.0,351.0
2020-10-15,14041.0,13556.0,-485.0
2020-10-16,13556.0,14937.0,1381.0
2020-10-17,14937.0,14703.0,-234.0
2020-10-18,14703.0,14804.0,101.0
2020-10-19,14804.0,15843.0,1039.0
2020-10-20,15843.0,16108.0,265.0
2020-10-21,16108.0,15444.0,-664.0
2020-10-22,15444.0,15704.0,260.0
2020-10-23,15704.0,17077.0,1373.0
2020-10-24,17077.0,16260.0,-817.0
2020-10-25,16260.0,16392.0,132.0
2020-10-26,16392.0,17148.0,756.0
2020-10-27,17148.0,16342.0,-806.0
2020-10-28,16342.0,15886.0,-456.0
2020-10-29,15886.0,17418.0,1532.0
2020-10-30,17418.0,17987.0,569.0
2020-10-31,17987.0,17834.0,-153.0
2020-11-01,17834.0,18381.0,547.0
2020-11-02,18381.0,18017.0,-364.0
2020-11-03,18017.0,18431.0,414.0
2020-11-04,18431.0,19483.0,1052.0
2020-11-05,19483.0,19116.0,-367.0
2020-11-06,19116.0,20368.0,1252.0
2020-11-07,20368.0,20109.0,-259.0
2020-11-08,20109.0,20248.0,139.0
2020-11-09,20248.0,21577.0,1329.0
2020-11-10,21577.0,20765.0,-812.0
2020-11-11,20765.0,19583.0,-1182.0
2020-11-12,19583.0,21333.0,1750.0
2020-11-13,21333.0,21717.0,384.0
2020-11-14,21717.0,22441.0,724.0
2020-11-15,22441.0,22313.0,-128.0
2020-11-16,22313.0,22562.0,249.0
2020-11-17,22562.0,22201.0,-361.0
2020-11-18,22201.0,20717.0,-1484.0
2020-11-19,20717.0,23337.0,2620.0
2020-11-20,23337.0,24059.0,722.0
2020-11-21,24059.0,24538.0,479.0
2020-11-22,24538.0,24295.0,-243.0
2020-11-23,24295.0,24891.0,596.0
2020-11-24,24891.0,24087.0,-804.0
2020-11-25,24087.0,23393.0,-694.0
2020-11-26,23393.0,25195.0,1802.0
2020-11-27,25195.0,27267.0,2072.0
2020-11-28,27267.0,26809.0,-458.0
2020-11-29,26809.0,26390.0,-419.0
2020-11-30,26390.0,26046.0,-344.0
2020-12-01,26046.0,26126.0,80.0
2020-12-02,26126.0,25043.0,-1083.0
2020-12-03,25043.0,27829.0,2786.0
2020-12-04,27829.0,27078.0,-751.0
2020-12-05,27078.0,28450.0,1372.0
2020-12-06,28450.0,28701.0,251.0
2020-12-07,28701.0,27798.0,-903.0
2020-12-08,27798.0,25752.0,-2046.0
2020-12-09,25752.0,25838.0,86.0
2020-12-10,25838.0,27562.0,1724.0
2020-12-11,27562.0,28206.0,644.0
2020-12-12,28206.0,27729.0,-477.0
2020-12-13,27729.0,27651.0,-78.0
2020-12-14,27651.0,26902.0,-749.0
2020-12-15,26902.0,26265.0,-637.0
2020-12-16,26265.0,26074.0,-191.0
2020-12-17,26074.0,27787.0,1713.0
2020-12-18,27787.0,28116.0,329.0
2020-12-19,28116.0,27772.0,-344.0
2020-12-20,27772.0,28510.0,738.0
2020-12-21,28510.0,28917.0,407.0
2020-12-22,28917.0,28340.0,-577.0
2020-12-23,28340.0,26814.0,-1526.0
2020-12-24,26814.0,29499.0,2685.0
2020-12-25,29499.0,28595.0,-904.0
2020-12-26,28595.0,28833.0,238.0
2020-12-27,28833.0,27849.0,-984.0
2020-12-28,27849.0,27363.0,-486.0
2020-12-29,27363.0,26588.0,-775.0
2020-12-30,26588.0,26095.0,-493.0
2020-12-31,26095.0,27329.0,1234.0
2021-01-01,27329.0,26613.0,-716.0
2021-01-02,26613.0,25938.0,-675.0
2021-01-03,25938.0,23845.0,-2093.0
2021-01-04,23845.0,23015.0,-830.0
2021-01-05,23015.0,23955.0,940.0
2021-01-06,23955.0,23902.0,-53.0
2021-01-07,23902.0,23218.0,-684.0
2021-01-08,23218.0,23330.0,112.0
2021-01-09,23330.0,23012.0,-318.0
2021-01-10,23012.0,22540.0,-472.0
2021-01-11,22540.0,23018.0,478.0
2021-01-12,23018.0,22657.0,-361.0
2021-01-13,22657.0,22544.0,-113.0
2021-01-14,22544.0,24303.0,1759.0
2021-01-15,24303.0,24294.0,-9.0
2021-01-16,24294.0,23670.0,-624.0
2021-01-17,23670.0,23178.0,-492.0
2021-01-18,23178.0,22509.0,-669.0
2021-01-19,22509.0,21442.0,-1067.0
2021-01-20,21442.0,20806.0,-636.0
2021-01-21,20806.0,21544.0,738.0
2021-01-22,21544.0,21182.0,-362.0
2021-01-23,21182.0,20585.0,-597.0
2021-01-24,20585.0,20800.0,215.0
2021-01-25,20800.0,18999.0,-1801.0
2021-01-26,18999.0,17982.0,-1017.0
2021-01-27,17982.0,17464.0,-518.0
2021-01-28,17464.0,18856.0,1392.0
2021-01-29,18856.0,18966.0,110.0
2021-01-30,18966.0,18751.0,-215.0
2021-01-31,18751.0,18083.0,-668.0
2021-02-01,18083.0,17391.0,-692.0
2021-02-02,17391.0,16406.0,-985.0
2021-02-03,16406.0,16222.0,-184.0
2021-02-04,16222.0,16463.0,241.0
2021-02-05,16463.0,16444.0,-19.0
2021-02-06,16444.0,16379.0,-65.0
2021-02-07,16379.0,15808.0,-571.0
2021-02-08,15808.0,15701.0,-107.0
2021-02-09,15701.0,14808.0,-893.0
2021-02-10,14808.0,14258.0,-550.0
2021-02-11,14258.0,14803.0,545.0
2021-02-12,14803.0,14867.0,64.0
2021-02-13,14867.0,14640.0,-227.0
2021-02-14,14640.0,13968.0,-672.0
2021-02-15,13968.0,13999.0,31.0
2021-02-16,13999.0,13030.0,-969.0
2021-02-17,13030.0,12629.0,-401.0
2021-02-18,12629.0,13243.0,614.0
2021-02-19,13243.0,13242.0,-1.0
2021-02-20,13242.0,12775.0,-467.0
2021-02-21,12775.0,12568.0,-207.0
2021-02-22,12568.0,12455.0,-113.0
2021-02-23,12455.0,11679.0,-776.0
2021-02-24,11679.0,11609.0,-70.0
2021-02-25,11609.0,11067.0,-542.0
2021-02-26,11067.0,10955.0,-112.0
2021-02-27,10955.0,11409.0,454.0
2021-02-28,11409.0,11234.0,-175.0
2021-03-01,11234.0,11450.0,216.0
2021-03-02,11450.0,10441.0,-1009.0
2021-03-03,10441.0,10416.0,-25.0
2021-03-04,10416.0,11263.0,847.0
2021-03-05,11263.0,10906.0,-357.0
2021-03-06,10906.0,10909.0,3.0
2021-03-07,10909.0,10478.0,-431.0
2021-03-08,10478.0,10145.0,-333.0
2021-03-09,10145.0,9342.0,-803.0
2021-03-10,9342.0,8976.0,-366.0
2021-03-11,8976.0,9167.0,191.0
2021-03-12,9167.0,9695.0,528.0
2021-03-13,9695.0,9808.0,113.0
2021-03-14,9808.0,9985.0,177.0
2021-03-15,9985.0,9347.0,-638.0
2021-03-16,9347.0,9305.0,-42.0
2021-03-17,9305.0,8910.0,-395.0
2021-03-18,8910.0,9713.0,803.0
2021-03-19,9713.0,9612.0,-101.0
2021-03-20,9612.0,9548.0,-64.0
2021-03-21,9548.0,9215.0,-333.0
2021-03-22,9215.0,9195.0,-20.0
2021-03-23,9195.0,8369.0,-826.0
2021-03-24,8369.0,8769.0,400.0
2021-03-25,8769.0,9128.0,359.0
2021-03-26,9128.0,9073.0,-55.0
2021-03-27,9073.0,8783.0,-290.0
2021-03-28,8783.0,8979.0,196.0
2021-03-29,8979.0,8589.0,-390.0
2021-03-30,8589.0,8162.0,-427.0
2021-03-31,8162.0,8156.0,-6.0
2021-04-01,8156.0,9057.0,901.0
2021-04-02,9057.0,8682.0,-375.0
2021-04-03,8682.0,8906.0,224.0
2021-04-04,8906.0,8697.0,-209.0
2021-04-05,8697.0,8525.0,-172.0
2021-04-06,8525.0,8206.0,-319.0
2021-04-07,8206.0,8174.0,-32.0
2021-04-08,8174.0,8545.0,371.0
2021-04-09,8545.0,9027.0,482.0
2021-04-10,9027.0,8580.0,-447.0
2021-04-11,8580.0,8576.0,-4.0
2021-04-12,8576.0,8191.0,-385.0
2021-04-13,8191.0,8044.0,-147.0
2021-04-14,8044.0,8202.0,158.0
2021-04-15,8202.0,8818.0,616.0
2021-04-16,8818.0,8872.0,54.0
2021-04-17,8872.0,9201.0,329.0
